Command: C:\Espressif\tools\python\v6.0.1\venv\Scripts\python.exe C:\esp\v6.0.1\esp-idf\tools/idf_monitor.py -p COM8 -b 115200 --toolchain-prefix riscv32-esp-elf- --target esp32c6 --revision 0 --decode-panic backtrace C:\Users\xiele\Documents\RingFusion\firmware-esp\build\ringfusion_tmf8829.elf C:\Users\xiele\Documents\RingFusion\firmware-esp\build\bootloader\bootloader.elf --force-color -m 'C:\Espressif\tools\python\v6.0.1\venv\Scripts\python.exe' 'C:\esp\v6.0.1\esp-idf\tools\idf.py' '-p' 'COM8'
[0;32mI (116) esp_image: segment 3: paddr=00039250 vaddr=408020a8 sizeESP-ROM:esp32c6-20220919[0m
Build:Sep 19 2022
rst:0x15 (USB_UART_HPSYS),boot:0x6f (SPI_FAST_FLASH_BOOT)
Saved PC:0x4080668c
SPIWP:0xee
mode:DIO, clock div:2
load:0x40875730,len:0x16f0
load:0x4086b910,len:0xedc
load:0x4086e610,len:0x31f4
entry 0x4086b91a
[0;32mI (23) boot: ESP-IDF v6.0.1 2nd stage bootloader[0m
[0;32mI (23) boot: compile time Jul 15 2026 21:06:59[0m
[0;32mI (24) boot: chip revision: v0.2[0m
[0;32mI (24) boot: efuse block revision: v0.3[0m
[0;32mI (26) boot.esp32c6: SPI Speed      : 80MHz[0m
[0;32mI (30) boot.esp32c6: SPI Mode       : DIO[0m
[0;32mI (34) boot.esp32c6: SPI Flash Size : 2MB[0m
[0;32mI (38) boot: Enabling RNG early entropy source...[0m
[0;32mI (42) boot: Partition Table:[0m
[0;32mI (45) boot: ## Label            Usage          Type ST Offset   Length[0m
[0;32mI (51) boot:  0 nvs              WiFi data        01 02 00009000 00006000[0m
[0;32mI (58) boot:  1 phy_init         RF data          01 01 0000f000 00001000[0m
[0;32mI (64) boot:  2 factory          factory app      00 00 00010000 00100000[0m
[0;32mI (71) boot: End of partition table[0m
[0;32mI (74) esp_image: segment 0: paddr=00010020 vaddr=42020020 size=0df48h ( 57160) map[0m
[0;32mI (92) esp_image: segment 1: paddr=0001df70 vaddr=40800000 size=020a8h (  8360) load[0m
[0;32mI (95) esp_image: segment 2: paddr=00020020 vaddr=42000020 size=19228h (102952) map[0m
[0;32mI (116) esp_image: segment 3: paddr=00039250 vaddr=408020a8 size=095b8h ( 38328) load[0m
[0;32mI (127) boot: Loaded app from partition at offset 0x10000[0m
[0;32mI (127) boot: Disabling RNG early entropy source...[0m
[0;32mI (137) cpu_start: Unicore app[0m
[0;32mI (145) cpu_start: GPIO 17 and 16 are used as console UART I/O pins[0m
[0;32mI (146) cpu_start: Pro cpu start user code[0m
[0;32mI (146) cpu_start: cpu freq: 160000000 Hz[0m
[0;32mI (148) app_init: Application information:[0m
[0;32mI (152) app_init: Project name:     ringfusion_tmf8829[0m
[0;32mI (156) app_init: App version:      72626cb[0m
[0;32mI (160) app_init: Compile time:     Jul 15 2026 21:06:30[0m
[0;32mI (165) app_init: ELF file SHA256:  c032ae72e...[0m
[0;32mI (170) app_init: ESP-IDF:          v6.0.1[0m
[0;32mI (174) efuse_init: Min chip rev:     v0.0[0m
[0;32mI (177) efuse_init: Max chip rev:     v0.99 [0m
[0;32mI (181) efuse_init: Chip rev:         v0.2[0m
[0;32mI (185) heap_init: Initializing. RAM available for dynamic allocation:[0m
[0;32mI (191) heap_init: At 4080E7B0 len 0006DE60 (439 KiB): RAM[0m
[0;32mI (197) heap_init: At 4087C610 len 00002F54 (11 KiB): RAM[0m
[0;32mI (202) heap_init: At 50000000 len 00003FE8 (15 KiB): RTCRAM[0m
[0;32mI (208) spi_flash: detected chip: generic[0m
[0;32mI (211) spi_flash: flash io: dio[0m
[0;33mW (214) spi_flash: Detected size(8192k) larger than the size in the binary image header(2048k). Using the size in the binary image header.[0m
[0;32mI (226) sleep_gpio: Configure to isolate all GPIO pins in sleep state[0m
[0;32mI (232) sleep_gpio: Enable automatic switching of GPIO sleep configuration[0m
[0;32mI (248) main_task: Started on CPU0[0m
[0;32mI (248) main_task: Calling app_main()[0m
[0;32mI (248) TMF8829_APP: RingFusion LightRanger 14 / TMF8829 bring-up[0m
[0;32mI (258) TMF8829_APP: Pins: SDA=GPIO6, SCL=GPIO7, INT=GPIO4, EN=GPIO5[0m
[0;32mI (258) TMF8829_SHIM: I2C initialized: SDA=GPIO6 SCL=GPIO7 clock=400000 Hz[0m
pwup ENABLE=0x84
[0;32mI (278) TMF8829_APP: Downloading TMF8829 RAM firmware (14032 bytes)...[0m
[0;32mI (618) TMF8829_APP: Firmware 1.2.194.0 | chip 158.1 | serial 0x004D4612[0m
[0;32mI (618) TMF8829_APP: 48x32 ranging started. Raw official-driver result frames follow.[0m
TMF8829_FRAME_HEADER,0,138,216,0,0,21,1,24,9,1,0,0,0,65,66,65,82,192,5,205,5,PAYLOAD,56,3,65,209,3,34,221,4,63,238,4,83,226,4,99,205,4,104,237,4,106,225,4,97,231,4,102,214,4,97,216,4,100,234,4,73,251,4,99,238,4,96,221,4,91,38,5,87,13,5,49,40,5,85,80,5,83,51,5,59,79,5,90,79,5,98,119,5,56,168,4,11,0,0,0,165,63,6,192,1,53,0,0,0,170,1,59,192,1,54,198,1,47,224,1,51,0,0,0,217,1,55,58,75,6,0,0,0,141,1,12,190,6,50,198,6,61,218,6,71,226,6,69,217,6,73,196,6,66,217,6,8,92,6,44,110,15,36,6,15,25,240,14,39,252,2,73,207,3,52,224,4,74,225,4,89,213,4,97,187,4,105,187,4,105,189,4,98,199,4,98,192,4,105,198,4,107,180,4,76,210,4,102,206,4,106,225,4,98,241,4,92,230,4,90,217,4,87,16,5,87,238,4,85,10,5,86,79,5,104,58,5,92,76,3,60,40,2,68,101,2,73,123,2,81,103,2,47,105,2,77,96,2,75,130,2,69,151,2,69,115,2,70,94,2,74,130,5,30,141,6,70,147,6,92,132,6,89,137,6,91,156,6,93,141,6,92,137,6,91,156,6,89,163,6,78,203,6,85,163,6,61,90,6,42,226,5,26,0,3,70,162,3,67,30,5,60,242,4,45,196,4,98,121,4,103,127,4,112,172,4,105,121,4,104,175,4,110,144,4,99,155,4,104,178,4,106,162,4,105,168,4,81,176,4,100,164,4,100,187,4,104,205,4,94,179,4,80,0,5,89,52,5,101,4,5,99,154,2,81,165,2,102,173,2,107,159,2,87,170,2,111,164,2,108,186,2,108,161,2,106,146,2,104,150,2,107,170,2,99,186,2,95,184,5,57,226,5,61,3,6,87,38,6,103,61,6,103,54,6,98,58,6,94,96,6,93,117,6,60,142,6,79,162,6,75,252,5,36,1,4,48,0,3,76,188,5,79,71,6,97,222,5,99,196,4,67,156,4,102,105,4,115,101,4,111,112,4,115,121,4,114,109,4,113,114,4,108,130,4,94,109,4,108,106,4,108,126,4,95,122,4,109,110,4,92,152,4,93,171,4,95,5,5,89,23,5,103,196,4,100,219,2,105,157,2,149,128,2,147,146,2,133,158,2,156,135,2,144,174,2,153,165,2,139,154,2,139,164,2,127,174,2,136,167,2,132,163,2,127,196,2,127,191,2,120,212,2,112,223,2,79,248,2,107,1,3,100,49,3,100,29,3,60,92,3,62,116,3,84,163,3,75,176,3,75,233,2,42,251,2,72,70,6,90,45,6,94,211,4,101,168,4,112,121,4,108,73,4,98,60,4,111,67,4,119,73,4,113,70,4,91,67,4,111,68,4,108,74,4,112,89,4,90,87,4,107,114,4,101,134,4,108,171,4,96,248,4,71,20,5,116,242,4,94,106,4,60,216,2,70,46,2,68,3,3,80,250,2,84,240,2,59,221,2,69,236,2,73,31,3,65,112,5,60,132,5,90,55,5,93,81,5,63,30,5,94,2,5,75,231,4,83,196,4,93,168,4,95,199,4,98,126,4,107,96,4,102,106,4,99,65,4,103,54,4,107,67,4,99,216,2,82,205,2,83,152,2,101,126,2,121,142,2,121,245,2,64,77,4,90,46,4,82,47,4,114,50,4,120,42,4,122,52,4,123,60,4,116,61,4,116,80,4,106,82,4,115,44,4,113,81,4,109,130,4,105,193,4,96,244,4,111,9,5,82,245,4,101,249,4,62,177,5,67,171,5,39,86,5,33,173,4,80,123,4,74,199,4,81,185,4,78,121,4,80,20,5,90,17,5,73,6,5,97,235,4,97,170,4,94,155,4,88,128,4,96,107,4,90,74,4,102,47,4,102,10,4,102,232,3,107,232,3,105,209,3,94,230,3,96,208,3,92,69,2,105,110,2,98,170,2,79,143,2,76,126,2,105,226,2,82,112,4,91,162,4,99,239,4,79,30,5,88,18,5,105,23,5,96,17,5,102,18,5,102,5,5,99,5,5,103,248,4,96,249,4,95,12,5,96,193,4,50,212,4,94,219,4,100,203,4,92,163,4,75,98,4,85,101,4,77,57,4,84,7,4,87,247,3,93,225,3,70,186,3,83,135,3,95,144,3,93,123,3,106,85,3,108,81,3,105,83,3,97,19,3,108,36,3,110,7,3,117,222,2,93,230,2,113,219,2,99,195,2,78,230,2,108,201,2,112,159,2,102,191,2,94,140,2,114,110,2,96,111,2,116,131,2,83,142,2,117,138,2,102,161,2,71,216,2,98,68,3,99,198,3,106,214,3,101,179,3,68,216,3,101,195,3,106,223,3,65,154,3,100,160,3,99,139,3,98,127,3,96,67,3,95,90,3,95,18,4,59,81,3,101,70,2,89,10,2,95,255,1,90,255,1,91,40,2,97,255,1,90,251,1,91,239,1,93,246,1,92,21,2,93,35,2,94,61,2,99,88,2,100,121,2,101,93,2,96,105,2,102,90,2,98,146,2,98,115,2,96,130,2,97,154,2,95,79,2,93,131,2,97,54,2,71,103,2,84,45,2,106,47,2,107,25,2,106,16,2,102,255,1,111,234,1,109,16,2,100,44,2,68,111,2,112,104,2,110,151,2,109,107,2,109,86,2,115,74,2,109,21,2,110,237,1,110,228,1,110,176,1,110,158,1,110,93,1,116,121,1,110,141,1,107,102,1,86,94,1,109,109,1,116,103,1,111,94,1,118,87,1,108,121,1,112,116,1,113,101,1,113,103,1,93,108,1,112,109,1,119,99,1,113,103,1,113,122,1,113,108,1,113,126,1,113,119,1,119,138,1,112,107,1,118,116,1,116,123,1,114,127,1,95,161,1,102,203,1,98,198,1,94,156,1,116,149,1,113,96,1,114,92,1,117,80,1,115,59,1,125,67,1,120,51,1,116,65,1,126,58,1,127,54,1,122,29,1,127,26,1,123,54,1,123,29,1,119,40,1,90,19,1,109,25,1,125,8,1,131,9,1,115,252,0,126,11,1,126,4,1,95,252,0,117,36,1,127,3,1,133,47,1,105,43,1,129,15,1,128,15,1,127,25,1,129,54,1,134,19,1,129,35,1,129,19,1,128,32,1,134,30,1,119,24,1,125,23,1,135,254,0,129,1,1,129,10,1,126,40,1,120,35,1,122,43,1,124,53,1,115,65,1,110,87,1,105,18,1,128,19,1,126,3,1,128,3,1,136,22,1,137,235,0,133,247,0,138,209,0,132,228,0,132,218,0,133,221,0,138,230,0,129,216,0,127,236,0,135,196,0,103,223,0,142,202,0,136,212,0,136,223,0,138,198,0,138,198,0,138,203,0,143,209,0,132,196,0,100,218,0,139,217,0,139,217,0,139,207,0,140,218,0,135,214,0,135,233,0,140,196,0,140,196,0,140,198,0,115,201,0,146,223,0,146,223,0,146,195,0,140,190,0,136,210,0,145,208,0,144,203,0,137,228,0,134,222,0,132,226,0,128,14,1,131,254,0,120,11,1,113,225,0,133,195,0,115,201,0,138,203,0,141,191,0,142,193,0,143,181,0,149,204,0,116,183,0,144,194,0,150,182,0,145,174,0,145,176,0,146,177,0,146,165,0,146,184,0,147,168,0,147,165,0,144,183,0,145,162,0,149,163,0,148,152,0,144,172,0,147,159,0,146,172,0,150,161,0,150,169,0,155,179,0,150,168,0,149,155,0,145,179,0,155,159,0,150,154,0,155,183,0,156,154,0,150,154,0,150,161,0,151,168,0,150,176,0,116,179,0,115,151,0,142,168,0,140,181,0,116,193,0,144,205,0,103,228,0,131,217,0,109,235,0,119,190,0,100,174,0,146,179,0,154,147,0,151,154,0,147,154,0,152,161,0,152,145,0,152,141,0,153,161,0,153,118,0,153,123,0,154,152,0,154,131,0,154,146,0,155,154,0,120,133,0,156,120,0,129,141,0,163,128,0,163,121,0,162,145,0,157,125,0,155,130,0,149,130,0,158,137,0,158,132,0,163,141,0,129,139,0,158,130,0,128,140,0,154,121,0,154,142,0,158,134,0,159,137,0,159,119,0,164,144,0,159,133,0,164,137,0,126,130,0,156,137,0,143,159,0,152,147,0,155,155,0,142,168,0,142,184,0,137,188,0,98,205,0,124,162,0,151,146,0,159,125,0,155,132,0,153,141,0,163,120,0,142,130,0,163,118,0,159,105,0,159,109,0,160,92,0,133,107,0,160,118,0,161,92,0,161,93,0,161,114,0,157,102,0,167,103,0,162,92,0,163,125,0,155,81,0,167,96,0,162,84,0,160,112,0,154,123,0,169,112,0,163,103,0,163,96,0,164,103,0,169,107,0,164,100,0,164,90,0,149,103,0,170,113,0,160,103,0,164,90,0,170,118,0,164,90,0,163,103,0,158,98,0,161,119,0,130,124,0,156,125,0,154,133,0,146,155,0,142,181,0,142,179,0,136,174,0,130,123,0,161,106,0,157,112,0,159,134,0,166,82,0,166,97,0,160,120,0,161,86,0,167,88,0,167,93,0,136,69,0,163,105,0,168,85,0,163,60,0,168,88,0,163,112,0,140,74,0,164,65,0,164,72,0,170,82,0,159,70,0,158,85,0,162,69,0,166,88,0,152,112,0,171,88,0,171,65,0,162,95,0,166,65,0,166,70,0,162,103,0,149,75,0,172,70,0,167,71,0,172,78,0,166,92,0,162,63,0,172,70,0,171,74,0,156,85,0,159,78,0,161,88,0,159,116,0,162,119,0,153,119,0,141,163,0,144,144,0,137,152,0,132,140,0,157,89,0,159,107,0,160,96,0,161,92,0,160,125,0,160,118,0,167,92,0,144,76,0,158,100,0,135,98,0,168,90,0,163,85,0,163,78,0,163,78,0,137,81,0,131,82,0,169,65,0,168,81,0,163,69,0,162,83,0,125,78,0,157,79,0,165,90,0,163,95,0,161,84,0,171,65,0,166,90,0,171,84,0,166,65,0,166,81,0,167,56,0,173,61,0,167,68,0,148,70,0,172,75,0,172,100,0,166,63,0,142,81,0,164,76,0,169,88,0,161,92,0,148,92,0,161,121,0,152,121,0,113,147,0,143,146,0,137,168,0,131,250,168,0,0,124,206,0,0,1,0,247,224,
TMF8829_FRAME_HEADER,0,132,29,2,0,21,65,24,9,2,0,0,0,65,66,65,82,216,5,213,5,PAYLOAD,206,2,61,86,3,55,56,4,66,51,4,86,56,4,99,45,4,98,61,4,103,43,4,98,44,4,94,54,4,98,51,4,96,52,4,100,65,4,99,62,4,98,78,4,98,84,4,85,62,4,86,67,4,76,89,4,83,122,4,83,130,4,79,146,4,98,151,4,92,149,3,56,134,1,45,153,1,66,203,1,61,33,2,65,226,1,70,218,1,64,28,2,37,211,1,62,23,2,66,25,2,59,215,1,51,211,4,29,199,5,67,211,5,75,0,6,85,188,5,86,196,5,86,214,5,58,192,5,82,9,6,71,237,5,60,200,5,48,107,5,34,121,5,28,154,2,74,100,3,55,69,4,64,36,4,87,33,4,103,251,3,102,255,3,67,19,4,101,16,4,94,18,4,99,31,4,108,25,4,102,10,4,107,31,4,97,32,4,96,35,4,103,43,4,97,48,4,86,57,4,88,73,4,89,113,4,87,119,4,99,101,4,65,126,2,47,17,2,85,28,2,76,39,2,82,79,2,89,71,2,94,82,2,82,59,2,85,75,2,82,54,2,81,75,2,79,91,5,68,105,2,76,149,5,55,173,5,84,151,5,92,157,5,92,157,5,63,164,5,94,181,5,86,169,5,84,191,5,78,213,5,75,190,5,53,89,5,24,181,2,72,226,4,69,95,5,84,144,4,58,45,4,104,6,4,104,226,3,113,254,3,71,228,3,107,217,3,106,241,3,112,246,3,107,217,3,112,241,3,110,234,3,106,249,3,102,250,3,105,251,3,89,23,4,92,19,4,89,67,4,94,104,4,100,59,4,103,65,2,60,56,2,130,48,2,103,58,2,139,67,2,143,55,2,143,82,2,132,87,2,134,72,2,132,51,2,137,56,2,131,72,2,126,74,2,125,87,2,116,67,2,117,113,2,114,127,2,73,111,2,107,110,2,100,142,2,90,162,2,89,114,2,88,142,2,79,185,2,65,199,2,66,150,2,78,99,4,70,118,5,95,58,5,94,56,4,96,10,4,104,211,3,105,204,3,110,205,3,111,174,3,109,203,3,114,211,3,108,193,3,108,203,3,108,215,3,109,221,3,108,211,3,105,249,3,73,248,3,94,8,4,92,75,4,97,70,4,104,64,4,92,8,3,81,91,2,75,95,2,93,105,2,112,127,2,147,115,2,101,80,2,93,91,2,94,95,2,96,167,2,90,80,4,98,112,4,90,239,3,90,35,4,90,11,4,90,17,4,66,3,4,92,255,3,82,239,3,88,234,3,98,207,3,91,222,3,89,195,3,64,200,3,58,194,3,79,129,2,77,107,2,77,111,2,75,63,2,89,157,2,86,204,3,89,209,3,99,175,3,110,179,3,103,155,3,124,186,3,116,183,3,118,170,3,102,168,3,117,191,3,117,193,3,119,207,3,111,208,3,103,232,3,92,16,4,100,86,4,104,88,4,118,74,4,108,130,3,44,10,7,46,21,8,57,222,7,60,196,1,62,107,1,57,16,2,28,67,2,59,70,3,54,226,4,93,216,4,103,150,4,69,130,4,108,96,4,109,65,4,110,45,4,112,35,4,113,7,4,114,243,3,80,233,3,114,214,3,113,196,3,108,191,3,110,180,3,108,190,3,104,41,2,62,155,2,82,213,2,101,64,2,109,74,2,122,124,2,104,213,3,103,198,3,99,180,3,108,170,3,111,190,3,102,191,3,112,191,3,111,216,3,108,236,3,108,249,3,112,247,3,117,38,4,83,46,4,106,24,4,99,78,4,99,86,4,95,90,4,93,104,4,78,73,4,77,46,4,84,2,4,85,202,3,51,170,3,88,154,3,84,123,3,89,106,3,97,75,3,71,59,3,92,27,3,93,47,3,89,1,3,94,1,3,73,240,2,95,242,2,86,234,2,93,178,2,97,191,2,98,191,2,92,167,2,95,200,2,94,158,2,90,184,2,86,248,1,109,4,2,110,250,1,106,21,2,93,41,2,97,49,2,90,117,2,93,199,2,63,21,3,97,170,3,100,179,3,90,168,3,95,147,3,96,168,3,97,187,3,102,164,3,103,169,3,103,162,3,92,155,3,94,183,3,88,219,3,93,248,3,94,237,3,100,208,2,82,83,2,80,83,2,86,82,2,82,127,2,78,126,2,89,114,2,84,102,2,85,121,2,81,148,2,87,160,2,84,171,2,90,159,2,92,168,2,93,136,2,95,152,2,98,140,2,101,140,2,104,120,2,72,121,2,113,106,2,107,71,2,106,87,2,101,91,2,103,62,2,100,22,2,87,16,2,92,9,2,109,22,2,107,249,1,103,222,1,100,254,1,99,107,2,99,177,2,97,187,2,103,227,2,104,193,2,99,209,2,103,180,2,103,185,2,103,153,2,104,122,2,103,38,2,108,21,2,107,204,1,102,213,1,66,254,1,103,204,1,67,120,1,95,96,1,101,103,1,101,75,1,108,99,1,102,91,1,102,102,1,98,96,1,103,100,1,103,106,1,103,111,1,109,114,1,104,102,1,105,130,1,97,145,1,100,136,1,105,165,1,104,145,1,105,156,1,100,165,1,98,181,1,101,180,1,95,194,1,97,216,1,89,196,1,80,173,1,111,169,1,108,143,1,109,124,1,74,140,1,112,114,1,113,93,1,109,98,1,113,137,1,113,143,1,114,128,1,114,129,1,115,99,1,116,61,1,116,66,1,116,43,1,112,32,1,117,33,1,122,26,1,117,11,1,117,11,1,118,13,1,124,19,1,117,252,0,116,30,1,118,6,1,115,32,1,116,53,1,120,34,1,120,37,1,116,42,1,126,18,1,120,253,0,96,34,1,122,22,1,121,12,1,117,41,1,78,30,1,121,21,1,121,30,1,121,33,1,125,44,1,119,24,1,117,47,1,120,38,1,112,43,1,105,58,1,105,68,1,99,35,1,115,21,1,119,1,1,121,254,0,130,240,0,90,237,0,126,237,0,127,238,0,127,231,0,133,214,0,133,234,0,134,242,0,135,217,0,129,211,0,113,219,0,136,210,0,131,211,0,126,208,0,131,208,0,128,186,0,95,190,0,132,185,0,137,194,0,126,199,0,131,199,0,128,221,0,135,205,0,94,220,0,135,205,0,122,219,0,107,205,0,135,197,0,140,208,0,135,205,0,135,201,0,135,208,0,131,201,0,135,216,0,136,208,0,135,205,0,119,212,0,134,211,0,128,222,0,126,210,0,133,251,0,120,237,0,120,252,0,111,6,1,105,210,0,127,242,0,131,192,0,132,181,0,140,189,0,132,179,0,137,206,0,144,187,0,138,196,0,138,185,0,134,166,0,139,167,0,145,163,0,140,172,0,136,169,0,141,158,0,141,147,0,142,160,0,142,154,0,120,159,0,139,141,0,110,152,0,143,160,0,138,146,0,136,173,0,111,169,0,145,184,0,144,171,0,145,182,0,140,170,0,145,182,0,141,178,0,146,166,0,141,175,0,145,175,0,146,158,0,146,189,0,145,169,0,141,168,0,145,185,0,144,169,0,121,157,0,141,177,0,134,185,0,135,196,0,132,210,0,128,210,0,123,220,0,122,171,0,138,175,0,140,172,0,143,163,0,145,161,0,142,169,0,152,163,0,143,145,0,148,138,0,148,156,0,148,142,0,149,146,0,150,152,0,155,126,0,150,146,0,151,129,0,151,153,0,151,123,0,152,111,0,159,108,0,153,118,0,148,127,0,138,140,0,146,137,0,150,144,0,154,156,0,146,143,0,149,147,0,115,143,0,114,134,0,153,143,0,153,127,0,159,138,0,133,127,0,154,120,0,154,172,0,154,127,0,154,135,0,154,134,0,153,139,0,148,154,0,151,134,0,148,148,0,146,156,0,148,158,0,112,185,0,133,185,0,128,204,0,122,137,0,153,149,0,139,131,0,147,127,0,159,117,0,154,129,0,155,127,0,155,136,0,138,101,0,148,103,0,156,120,0,157,101,0,157,100,0,158,112,0,158,109,0,158,93,0,154,106,0,159,114,0,155,113,0,155,87,0,156,92,0,160,98,0,164,95,0,158,99,0,162,111,0,160,100,0,160,103,0,161,109,0,133,105,0,157,104,0,166,101,0,161,117,0,161,93,0,141,100,0,167,100,0,162,87,0,162,96,0,167,100,0,132,95,0,166,124,0,159,104,0,157,123,0,160,120,0,152,147,0,149,161,0,141,156,0,145,159,0,134,170,0,123,109,0,153,110,0,161,103,0,163,93,0,164,98,0,155,99,0,159,77,0,159,85,0,156,82,0,150,74,0,161,87,0,167,88,0,162,70,0,162,68,0,162,80,0,167,75,0,131,87,0,163,88,0,159,67,0,163,72,0,163,80,0,158,67,0,162,87,0,161,84,0,159,101,0,170,67,0,170,85,0,164,90,0,165,78,0,154,73,0,171,75,0,152,67,0,161,93,0,166,82,0,165,78,0,171,62,0,161,82,0,161,74,0,161,77,0,164,96,0,168,92,0,161,95,0,158,100,0,152,124,0,152,123,0,143,141,0,138,140,0,133,155,0,131,86,0,148,113,0,163,76,0,165,84,0,160,74,0,135,79,0,156,69,0,161,74,0,137,63,0,162,73,0,167,66,0,168,48,0,146,65,0,142,59,0,143,59,0,163,61,0,164,51,0,164,82,0,164,50,0,164,55,0,163,56,0,163,84,0,161,78,0,132,59,0,159,69,0,171,69,0,171,80,0,161,69,0,166,54,0,162,57,0,158,69,0,167,61,0,167,76,0,172,50,0,166,57,0,166,45,0,172,61,0,167,42,0,133,68,0,165,73,0,162,61,0,161,87,0,129,103,0,127,107,0,153,106,0,137,141,0,142,145,0,137,132,0,136,70,0,156,87,0,157,88,0,159,67,0,159,75,0,146,72,0,160,63,0,133,87,0,160,84,0,161,71,0,121,83,0,166,73,0,161,65,0,161,62,0,161,67,0,167,69,0,161,66,0,157,75,0,153,77,0,160,74,0,160,75,0,155,75,0,158,95,0,128,76,0,155,81,0,159,69,0,170,68,0,154,73,0,164,58,0,170,57,0,165,92,0,144,61,0,171,53,0,166,69,0,166,54,0,166,76,0,166,71,0,166,67,0,165,62,0,164,73,0,158,69,0,165,87,0,153,106,0,154,109,0,151,104,0,141,120,0,141,124,0,135,130,0,114,253,213,0,0,127,251,0,0,1,0,247,224,
TMF8829_FRAME_HEADER,0,106,97,3,0,21,65,24,9,8,0,0,0,75,81,75,84,226,5,220,5,PAYLOAD,192,2,63,73,3,53,61,4,68,64,4,92,51,4,95,43,4,82,51,4,94,45,4,95,42,4,94,55,4,94,49,4,96,57,4,96,67,4,96,68,4,98,81,4,89,82,4,90,80,4,82,88,4,86,119,4,84,109,4,82,132,4,84,151,4,100,126,4,92,177,3,55,145,1,41,192,1,58,203,1,57,2,2,65,242,1,59,36,2,58,20,2,35,226,1,62,1,2,56,242,1,56,55,2,52,196,4,25,211,5,68,242,5,76,5,6,80,195,5,83,208,5,87,215,5,55,191,5,82,36,6,75,246,5,65,219,5,49,192,5,38,134,5,17,117,2,68,238,2,58,32,4,60,57,4,85,39,4,97,252,3,103,1,4,62,15,4,101,7,4,90,20,4,99,22,4,103,18,4,102,24,4,102,22,4,101,30,4,100,44,4,98,34,4,93,46,4,79,66,4,88,72,4,80,96,4,87,121,4,96,103,4,63,144,2,42,51,2,72,20,2,82,36,2,83,75,2,86,67,2,84,82,2,82,67,2,81,67,2,79,60,2,82,71,2,72,48,5,66,153,5,74,149,5,51,172,5,80,157,5,96,165,5,97,165,5,59,157,5,95,212,5,91,169,5,84,199,5,74,221,5,75,148,5,47,10,3,32,159,2,72,205,4,69,111,5,82,149,4,52,47,4,100,0,4,104,231,3,108,237,3,68,233,3,113,222,3,106,220,3,106,239,3,102,218,3,107,231,3,100,247,3,101,254,3,103,0,4,99,248,3,89,40,4,93,22,4,89,53,4,90,90,4,100,57,4,99,71,2,59,55,2,134,60,2,101,60,2,140,71,2,138,60,2,133,87,2,137,75,2,127,79,2,138,51,2,128,64,2,128,79,2,127,79,2,121,94,2,117,71,2,112,106,2,110,146,2,69,115,2,103,122,2,96,130,2,90,138,2,84,154,2,83,161,2,74,200,2,69,207,2,62,159,2,77,159,4,66,128,5,95,60,5,90,54,4,96,16,4,104,212,3,101,199,3,106,210,3,107,179,3,109,197,3,109,217,3,108,192,3,108,197,3,104,217,3,109,234,3,107,209,3,102,247,3,71,245,3,94,251,3,92,72,4,93,80,4,108,82,4,92,246,2,81,98,2,74,90,2,93,113,2,108,126,2,147,115,2,103,111,2,90,106,2,90,106,2,86,164,2,90,96,4,98,108,4,91,247,3,86,7,4,86,34,4,91,46,4,63,4,4,89,247,3,86,236,3,85,241,3,88,211,3,87,211,3,84,188,3,61,192,3,55,184,3,74,135,2,72,75,2,77,67,2,74,57,2,89,152,2,85,198,3,90,218,3,105,181,3,110,181,3,100,160,3,119,177,3,115,186,3,124,176,3,100,162,3,117,190,3,117,200,3,110,194,3,107,209,3,104,241,3,92,22,4,96,85,4,100,87,4,115,76,4,105,190,3,58,18,7,38,17,8,56,254,7,65,145,1,67,77,8,54,165,1,27,24,2,59,152,2,57,239,4,94,220,4,104,150,4,68,131,4,114,100,4,105,69,4,107,46,4,108,34,4,113,7,4,115,247,3,78,232,3,111,221,3,114,198,3,108,192,3,110,188,3,104,195,3,100,31,2,59,125,2,78,212,2,102,67,2,113,72,2,118,142,2,94,226,3,102,197,3,99,174,3,109,176,3,107,186,3,102,190,3,107,189,3,111,206,3,102,233,3,113,3,4,108,249,3,112,47,4,81,51,4,106,22,4,99,72,4,100,88,4,87,82,4,94,74,4,74,81,4,74,65,4,80,255,3,81,177,3,50,181,3,83,166,3,85,107,3,85,107,3,86,75,3,70,70,3,92,36,3,89,43,3,94,16,3,96,8,3,70,253,2,93,230,2,84,211,2,93,198,2,94,183,2,93,191,2,93,179,2,92,192,2,90,180,2,90,180,2,87,242,1,110,255,1,106,10,2,102,26,2,93,32,2,87,63,2,91,107,2,88,171,2,62,32,3,96,176,3,91,170,3,90,170,3,95,141,3,92,154,3,96,181,3,93,177,3,93,183,3,93,152,3,96,157,3,90,177,3,88,236,3,89,9,4,94,247,3,90,218,2,79,90,2,76,43,2,77,75,2,82,84,2,79,111,2,84,111,2,80,113,2,85,141,2,85,152,2,86,144,2,89,171,2,97,156,2,92,137,2,93,164,2,91,156,2,98,149,2,101,152,2,100,125,2,69,125,2,103,109,2,103,75,2,112,87,2,101,106,2,103,79,2,96,24,2,82,14,2,87,3,2,110,16,2,102,251,1,98,219,1,97,3,2,99,97,2,95,186,2,97,200,2,99,214,2,100,171,2,99,192,2,100,178,2,100,163,2,99,158,2,99,105,2,100,47,2,103,255,1,102,184,1,102,218,1,65,224,1,103,191,1,65,114,1,96,79,1,97,122,1,102,95,1,98,118,1,98,106,1,102,95,1,103,114,1,109,111,1,98,122,1,96,114,1,104,129,1,104,110,1,104,145,1,111,145,1,104,133,1,105,165,1,105,145,1,111,156,1,100,180,1,98,192,1,97,192,1,99,197,1,96,208,1,89,182,1,78,186,1,102,160,1,109,141,1,109,125,1,70,127,1,108,123,1,113,98,1,112,108,1,109,135,1,110,164,1,110,138,1,110,131,1,115,112,1,115,63,1,112,79,1,112,48,1,113,46,1,117,31,1,117,43,1,117,25,1,114,14,1,114,31,1,119,21,1,113,253,0,116,33,1,119,14,1,116,33,1,116,52,1,116,41,1,116,41,1,116,33,1,120,33,1,117,254,0,92,37,1,122,33,1,117,18,1,117,48,1,76,29,1,121,29,1,117,44,1,121,41,1,113,56,1,125,31,1,113,46,1,110,46,1,112,54,1,96,65,1,105,81,1,95,48,1,115,3,1,119,7,1,121,252,0,120,238,0,90,238,0,126,242,0,123,232,0,127,232,0,128,227,0,128,228,0,124,244,0,125,230,0,130,224,0,111,225,0,131,223,0,131,213,0,127,209,0,127,206,0,128,184,0,95,188,0,129,195,0,132,188,0,127,200,0,127,202,0,130,229,0,131,202,0,93,224,0,127,212,0,122,220,0,102,212,0,131,204,0,141,208,0,131,204,0,135,208,0,131,201,0,136,201,0,132,224,0,136,216,0,128,216,0,117,216,0,130,220,0,133,221,0,126,221,0,128,252,0,120,236,0,120,255,0,111,12,1,109,215,0,123,236,0,131,191,0,133,202,0,141,192,0,133,176,0,132,215,0,134,181,0,133,198,0,135,186,0,136,161,0,135,165,0,135,172,0,140,170,0,136,174,0,137,159,0,142,138,0,142,161,0,142,159,0,118,153,0,136,142,0,109,157,0,139,155,0,138,147,0,141,177,0,109,169,0,141,184,0,145,167,0,141,182,0,141,174,0,141,186,0,138,178,0,146,167,0,141,186,0,146,182,0,142,155,0,146,188,0,146,173,0,146,169,0,145,188,0,150,165,0,119,165,0,137,177,0,139,188,0,133,197,0,129,206,0,125,221,0,119,233,0,113,172,0,138,174,0,137,170,0,143,161,0,145,159,0,146,163,0,147,168,0,147,139,0,144,140,0,144,157,0,144,136,0,149,144,0,145,153,0,145,124,0,146,140,0,147,134,0,151,147,0,152,124,0,153,117,0,145,107,0,149,115,0,153,133,0,136,130,0,151,134,0,150,148,0,150,155,0,150,148,0,149,142,0,112,142,0,112,131,0,154,142,0,154,131,0,154,138,0,132,127,0,151,123,0,150,169,0,154,127,0,150,138,0,155,134,0,149,139,0,148,154,0,147,135,0,149,151,0,146,163,0,142,170,0,107,188,0,130,184,0,123,208,0,109,138,0,148,144,0,136,129,0,144,129,0,149,115,0,150,127,0,151,133,0,155,130,0,135,99,0,146,105,0,152,119,0,163,103,0,158,105,0,163,107,0,154,111,0,158,95,0,154,104,0,155,117,0,160,115,0,160,82,0,156,93,0,156,103,0,159,93,0,154,97,0,152,111,0,161,99,0,156,107,0,161,109,0,131,109,0,157,105,0,161,101,0,161,117,0,158,93,0,138,96,0,168,99,0,158,88,0,158,99,0,162,103,0,128,96,0,160,127,0,155,107,0,157,123,0,150,120,0,148,150,0,149,165,0,145,155,0,140,167,0,130,170,0,127,115,0,153,104,0,151,108,0,158,95,0,158,96,0,155,100,0,155,82,0,159,80,0,156,80,0,150,76,0,157,85,0,161,85,0,158,72,0,158,58,0,158,78,0,162,76,0,128,82,0,163,86,0,163,68,0,164,62,0,163,74,0,158,72,0,158,82,0,161,86,0,159,101,0,165,70,0,170,86,0,160,86,0,165,82,0,155,74,0,161,78,0,148,70,0,161,93,0,166,82,0,161,78,0,162,63,0,162,78,0,161,78,0,161,74,0,160,96,0,168,96,0,161,96,0,158,99,0,161,127,0,152,120,0,148,144,0,143,148,0,133,159,0,126,91,0,145,108,0,158,74,0,155,86,0,160,68,0,132,76,0,156,74,0,156,68,0,133,61,0,162,82,0,162,60,0,162,49,0,147,71,0,139,53,0,139,61,0,163,63,0,159,45,0,164,80,0,164,59,0,163,49,0,159,53,0,163,86,0,157,72,0,130,57,0,159,69,0,162,73,0,161,80,0,166,69,0,166,54,0,162,57,0,156,69,0,167,65,0,167,76,0,162,53,0,167,53,0,162,46,0,167,61,0,167,42,0,131,65,0,165,72,0,159,61,0,156,88,0,128,103,0,125,107,0,149,107,0,138,144,0,138,148,0,132,133,0,131,76,0,155,81,0,157,85,0,155,72,0,159,70,0,144,74,0,156,64,0,130,81,0,160,85,0,161,76,0,118,74,0,161,70,0,167,67,0,157,57,0,157,65,0,157,74,0,157,61,0,157,76,0,153,82,0,156,72,0,160,76,0,155,80,0,159,93,0,127,82,0,151,88,0,164,69,0,164,69,0,151,73,0,164,61,0,165,54,0,161,95,0,143,65,0,166,57,0,166,69,0,162,54,0,172,80,0,162,66,0,162,66,0,161,63,0,170,69,0,158,73,0,160,88,0,158,109,0,147,109,0,151,105,0,142,120,0,137,123,0,131,131,0,114,99,231,1,0,229,12,2,0,1,0,247,224,
TMF8829_FRAME_HEADER,0,89,164,4,0,21,1,24,9,15,0,0,0,76,83,77,84,233,5,222,5,PAYLOAD,151,2,61,106,3,31,38,4,55,53,4,78,68,4,91,39,4,98,67,4,98,66,4,92,57,4,91,48,4,87,66,4,100,60,4,72,67,4,97,70,4,96,64,4,85,117,4,78,105,4,42,118,4,80,112,4,78,126,4,60,167,4,80,133,4,93,175,4,52,161,3,10,0,0,0,0,0,0,0,0,0,93,1,51,151,1,48,128,1,50,149,1,49,104,1,52,167,1,46,107,1,50,0,0,0,127,1,42,0,0,0,251,5,48,236,5,58,239,5,68,248,5,69,236,5,68,224,5,64,119,6,9,178,5,31,224,5,29,5,13,29,250,12,34,125,2,60,39,3,53,62,4,65,61,4,84,53,4,97,16,4,98,6,4,94,28,4,94,15,4,97,17,4,103,16,4,106,26,4,69,36,4,103,55,4,96,52,4,95,48,4,88,44,4,85,53,4,88,95,4,83,90,4,85,107,4,86,125,4,99,124,4,93,208,2,56,48,2,64,34,2,69,53,2,69,14,2,42,65,2,71,11,2,71,22,2,62,81,2,70,7,2,70,40,2,70,26,2,62,166,5,70,196,5,75,155,5,85,166,5,91,188,5,84,174,5,88,174,5,82,189,5,89,193,5,78,206,5,79,233,5,62,130,5,40,227,4,12,160,2,65,225,2,57,93,4,57,61,4,40,33,4,95,221,3,99,228,3,106,18,4,100,218,3,100,6,4,103,241,3,100,247,3,104,1,4,105,252,3,100,7,4,78,11,4,101,14,4,99,20,4,98,29,4,95,32,4,77,114,4,84,129,4,100,74,4,99,67,2,77,76,2,98,73,2,104,69,2,84,80,2,108,77,2,104,92,2,102,68,2,100,69,2,103,69,2,97,68,2,95,96,2,90,245,4,58,7,5,60,39,5,63,70,5,94,105,5,94,106,5,93,114,5,92,133,5,93,149,5,53,164,5,84,175,5,71,68,5,52,163,2,41,167,2,66,207,4,73,115,5,86,33,5,92,45,4,61,248,3,98,202,3,113,220,3,110,214,3,109,219,3,109,215,3,108,216,3,103,227,3,90,222,3,104,212,3,104,227,3,87,234,3,98,224,3,93,1,4,93,21,4,96,88,4,88,100,4,102,26,4,96,114,2,103,65,2,139,45,2,147,62,2,127,70,2,151,47,2,139,86,2,147,80,2,135,65,2,135,73,2,124,83,2,131,80,2,132,80,2,123,102,2,122,92,2,111,111,2,107,114,2,74,139,2,107,173,2,102,178,2,96,171,2,56,248,2,58,53,3,79,39,3,72,77,3,81,123,2,33,158,2,63,117,5,89,63,5,90,47,4,97,2,4,112,219,3,102,179,3,93,165,3,108,172,3,109,195,3,108,169,3,87,172,3,106,179,3,104,186,3,117,185,3,84,196,3,103,201,3,101,238,3,100,13,4,89,53,4,69,95,4,111,78,4,94,197,3,60,101,2,72,132,2,73,98,2,67,129,2,85,104,2,58,62,2,66,164,2,63,161,2,65,198,4,60,190,4,82,144,4,83,144,4,58,124,4,84,78,4,75,67,4,80,43,4,89,1,4,103,28,4,99,237,3,97,204,3,99,226,3,99,173,3,103,186,3,97,186,3,95,117,2,75,93,2,83,60,2,96,28,2,119,50,2,118,125,2,61,172,3,85,172,3,78,154,3,111,161,3,116,156,3,112,162,3,117,166,3,116,181,3,113,182,3,102,187,3,121,158,3,109,187,3,109,223,3,104,21,4,92,72,4,105,76,4,77,79,4,97,147,4,57,4,5,56,13,4,26,176,4,26,54,4,74,249,3,70,32,4,76,37,4,76,2,4,80,111,4,85,97,4,66,83,4,96,67,4,93,13,4,99,1,4,86,230,3,100,229,3,83,176,3,101,168,3,99,156,3,95,115,3,97,111,3,97,95,3,95,96,3,96,109,3,84,242,1,100,23,2,93,99,2,80,42,2,70,45,2,96,128,2,79,215,3,91,253,3,94,68,4,76,95,4,85,90,4,106,111,4,99,91,4,98,109,4,101,92,4,105,92,4,93,64,4,92,77,4,95,91,4,90,24,4,46,41,4,89,63,4,97,28,4,89,254,3,72,221,3,79,160,3,77,145,3,80,146,3,82,112,3,84,73,3,63,52,3,76,38,3,92,34,3,98,253,2,97,239,2,99,223,2,101,219,2,90,181,2,109,192,2,106,153,2,111,130,2,87,126,2,108,118,2,93,115,2,72,126,2,109,118,2,102,81,2,99,92,2,94,36,2,103,31,2,90,17,2,106,36,2,78,63,2,107,40,2,103,74,2,65,146,2,97,217,2,91,57,3,101,102,3,97,73,3,64,64,3,97,56,3,101,80,3,63,26,3,101,45,3,95,15,3,98,34,3,96,200,2,90,205,2,92,88,3,55,192,2,96,249,1,94,212,1,82,201,1,86,182,1,87,211,1,88,178,1,92,193,1,88,178,1,84,197,1,84,220,1,88,223,1,94,244,1,90,255,1,94,44,2,90,18,2,92,14,2,93,25,2,98,69,2,104,26,2,93,48,2,92,73,2,88,252,1,90,42,2,87,5,2,69,20,2,80,213,1,111,231,1,102,214,1,101,177,1,102,203,1,105,185,1,100,203,1,100,225,1,63,17,2,99,24,2,108,50,2,108,254,1,104,4,2,104,244,1,115,214,1,105,169,1,106,172,1,105,107,1,105,113,1,109,77,1,106,71,1,106,77,1,107,57,1,80,40,1,105,65,1,110,58,1,107,42,1,112,50,1,105,66,1,113,70,1,113,65,1,108,58,1,88,66,1,112,65,1,108,65,1,113,62,1,105,65,1,113,65,1,112,89,1,109,76,1,109,81,1,109,65,1,108,70,1,106,82,1,108,86,1,92,109,1,98,144,1,98,118,1,90,107,1,103,102,1,112,49,1,110,47,1,112,35,1,101,21,1,115,22,1,116,21,1,116,23,1,116,18,1,117,25,1,114,243,0,118,242,0,118,253,0,119,247,0,120,250,0,83,238,0,103,239,0,120,222,0,121,229,0,110,211,0,122,230,0,126,229,0,91,211,0,111,4,1,133,234,0,128,5,1,101,251,0,124,229,0,124,233,0,124,236,0,124,7,1,124,244,0,125,7,1,121,241,0,129,0,1,125,255,0,114,244,0,126,244,0,130,217,0,125,233,0,128,241,0,122,8,1,124,250,0,118,1,1,119,17,1,111,21,1,106,40,1,101,235,0,122,246,0,121,217,0,124,218,0,126,240,0,127,196,0,133,197,0,133,183,0,128,189,0,129,187,0,130,191,0,130,196,0,135,173,0,121,211,0,132,170,0,99,179,0,133,182,0,133,176,0,138,179,0,134,171,0,133,168,0,133,165,0,137,176,0,133,162,0,96,182,0,135,186,0,140,182,0,139,179,0,135,192,0,135,184,0,140,203,0,137,172,0,140,168,0,136,171,0,110,176,0,136,196,0,137,189,0,136,175,0,140,171,0,132,185,0,140,179,0,138,182,0,133,198,0,128,191,0,129,199,0,126,237,0,126,227,0,116,242,0,114,188,0,126,172,0,112,166,0,138,165,0,146,165,0,138,159,0,138,146,0,139,180,0,110,151,0,140,158,0,144,157,0,140,143,0,141,138,0,141,153,0,141,139,0,146,142,0,142,145,0,143,135,0,148,145,0,144,140,0,145,130,0,144,118,0,148,148,0,142,123,0,141,145,0,149,142,0,150,149,0,146,147,0,150,144,0,145,137,0,145,158,0,150,136,0,145,132,0,150,158,0,150,136,0,150,132,0,146,135,0,146,144,0,150,151,0,113,155,0,111,129,0,136,140,0,141,152,0,109,168,0,139,176,0,100,194,0,127,186,0,105,202,0,115,150,0,95,149,0,142,143,0,148,118,0,146,129,0,151,126,0,151,126,0,151,121,0,148,115,0,149,125,0,149,104,0,153,98,0,154,118,0,154,112,0,150,119,0,155,119,0,115,115,0,156,100,0,126,107,0,153,115,0,153,93,0,156,116,0,156,103,0,155,108,0,146,104,0,158,118,0,154,113,0,153,118,0,126,123,0,158,111,0,125,118,0,151,103,0,159,123,0,154,112,0,146,121,0,154,105,0,159,121,0,159,118,0,158,118,0,122,112,0,152,113,0,139,140,0,152,128,0,146,129,0,147,144,0,138,156,0,132,165,0,94,176,0,117,127,0,147,126,0,149,96,0,151,103,0,152,126,0,157,96,0,138,102,0,163,105,0,158,83,0,159,76,0,165,76,0,126,85,0,160,92,0,156,79,0,153,73,0,156,84,0,157,84,0,162,81,0,158,61,0,158,106,0,151,62,0,162,69,0,161,68,0,155,93,0,150,102,0,159,95,0,168,87,0,164,79,0,159,87,0,164,91,0,160,83,0,164,72,0,145,91,0,164,94,0,160,87,0,160,80,0,160,102,0,160,72,0,159,87,0,155,85,0,157,101,0,126,109,0,152,104,0,150,118,0,143,140,0,146,152,0,137,157,0,131,153,0,129,95,0,155,95,0,157,92,0,159,106,0,160,70,0,161,72,0,166,90,0,156,78,0,157,68,0,162,71,0,132,55,0,158,83,0,162,60,0,158,47,0,168,72,0,169,86,0,134,63,0,159,45,0,164,44,0,169,67,0,159,53,0,154,60,0,162,55,0,166,68,0,140,97,0,161,75,0,165,55,0,162,74,0,161,55,0,166,59,0,166,89,0,147,63,0,166,59,0,167,54,0,162,67,0,162,74,0,162,50,0,162,59,0,166,63,0,160,70,0,159,67,0,167,74,0,159,100,0,152,101,0,153,105,0,133,138,0,139,127,0,132,123,0,127,107,0,152,76,0,154,85,0,155,69,0,160,76,0,160,100,0,160,92,0,157,79,0,137,58,0,154,73,0,130,80,0,162,70,0,162,64,0,159,63,0,163,61,0,133,56,0,128,70,0,159,49,0,158,52,0,159,59,0,158,68,0,121,54,0,147,64,0,159,70,0,163,78,0,161,71,0,166,55,0,162,70,0,166,71,0,171,55,0,171,66,0,167,47,0,167,51,0,167,51,0,143,59,0,162,63,0,167,83,0,167,53,0,139,68,0,157,62,0,169,75,0,157,82,0,143,75,0,152,107,0,148,107,0,109,124,0,143,125,0,133,140,0,127,61,38,3,0,191,75,3,0,1,0,247,224,
TMF8829_FRAME_HEADER,0,199,227,5,0,21,65,24,9,22,0,0,0,76,83,78,84,231,5,222,5,PAYLOAD,226,2,59,86,3,54,64,4,61,48,4,82,48,4,81,38,4,93,62,4,97,43,4,94,41,4,94,54,4,98,54,4,96,60,4,101,58,4,83,73,4,85,80,4,89,89,4,89,76,4,82,91,4,80,106,4,80,129,4,78,142,4,75,159,4,101,146,4,92,172,3,55,174,1,31,189,1,58,228,1,64,200,1,57,239,1,60,42,2,59,234,1,30,230,1,57,251,1,62,247,1,56,219,1,53,73,2,53,208,5,64,212,5,77,240,5,76,205,5,81,205,5,82,213,5,55,204,5,76,10,6,67,247,5,61,119,5,46,162,5,28,108,5,15,139,2,69,25,3,51,73,4,65,55,4,85,32,4,92,247,3,102,0,4,62,12,4,93,22,4,90,27,4,94,27,4,98,14,4,97,27,4,98,38,4,97,29,4,101,39,4,94,35,4,85,41,4,80,65,4,88,76,4,84,106,4,87,135,4,95,85,4,62,119,2,41,44,2,72,48,2,77,53,2,82,64,2,89,83,2,95,77,2,87,68,2,85,68,2,84,88,2,77,83,2,77,37,5,53,136,5,76,158,5,51,184,5,78,163,5,92,158,5,93,162,5,58,163,5,90,200,5,87,170,5,84,201,5,75,222,5,70,183,5,43,20,2,40,130,2,69,210,4,70,95,5,82,144,4,51,36,4,95,247,3,104,226,3,104,242,3,67,240,3,107,229,3,98,233,3,99,238,3,102,221,3,103,232,3,101,242,3,106,245,3,98,6,4,95,244,3,90,23,4,88,12,4,93,59,4,89,97,4,95,62,4,91,74,2,58,56,2,130,52,2,100,65,2,136,72,2,133,56,2,134,85,2,133,84,2,134,80,2,133,57,2,128,64,2,132,72,2,119,77,2,131,95,2,113,64,2,113,104,2,111,127,2,70,115,2,103,124,2,100,131,2,86,143,2,88,171,2,75,170,2,77,177,2,69,209,2,61,177,2,78,226,3,71,127,5,86,74,5,94,55,4,96,15,4,104,211,3,105,207,3,106,217,3,107,178,3,105,202,3,109,216,3,104,191,3,104,195,3,104,208,3,104,221,3,107,214,3,101,242,3,70,248,3,90,8,4,87,80,4,93,74,4,91,83,4,88,12,3,77,99,2,73,87,2,93,104,2,112,123,2,143,112,2,99,86,2,94,103,2,94,110,2,86,169,2,89,97,4,94,105,4,91,237,3,85,252,3,90,20,4,91,5,4,62,252,3,87,244,3,83,238,3,89,227,3,88,212,3,86,224,3,84,192,3,57,208,3,55,197,3,79,141,2,72,106,2,78,66,2,75,68,2,83,133,2,78,200,3,85,225,3,99,170,3,110,180,3,101,159,3,114,178,3,116,192,3,114,167,3,98,163,3,113,193,3,112,198,3,114,198,3,107,208,3,108,229,3,90,20,4,106,91,4,97,85,4,119,77,4,104,10,4,58,108,7,34,251,7,52,19,8,51,6,2,64,89,1,62,0,0,0,25,2,57,191,2,57,245,4,89,217,4,104,167,4,69,125,4,108,97,4,105,62,4,107,48,4,108,31,4,109,8,4,120,249,3,77,233,3,115,222,3,109,196,3,105,189,3,107,185,3,103,193,3,100,49,2,58,111,2,82,179,2,93,69,2,113,77,2,127,128,2,95,221,3,102,198,3,95,176,3,108,178,3,106,195,3,99,193,3,108,192,3,111,211,3,100,228,3,108,242,3,112,250,3,112,46,4,79,39,4,102,27,4,96,75,4,100,83,4,87,87,4,90,108,4,74,86,4,77,51,4,85,242,3,82,225,3,50,183,3,88,172,3,78,127,3,81,127,3,87,77,3,69,67,3,88,20,3,90,38,3,99,5,3,91,16,3,70,254,2,93,234,2,83,223,2,92,196,2,90,195,2,93,184,2,93,181,2,92,197,2,90,170,2,86,167,2,87,244,1,106,3,2,106,2,2,106,21,2,89,36,2,91,62,2,91,110,2,84,168,2,60,38,3,92,178,3,95,183,3,91,169,3,95,152,3,91,163,3,97,193,3,93,176,3,97,188,3,97,163,3,96,148,3,90,171,3,88,197,3,89,0,4,94,244,3,91,174,2,83,102,2,81,87,2,77,84,2,81,104,2,73,127,2,79,105,2,80,110,2,81,146,2,81,135,2,83,157,2,89,160,2,87,165,2,98,157,2,90,153,2,96,143,2,91,138,2,101,146,2,100,126,2,68,122,2,103,106,2,104,73,2,103,91,2,97,106,2,99,77,2,100,7,2,83,19,2,87,2,2,106,19,2,102,0,2,103,226,1,97,6,2,95,106,2,95,189,2,98,199,2,99,219,2,96,201,2,104,172,2,104,152,2,99,162,2,104,138,2,104,102,2,99,50,2,99,254,1,98,188,1,94,198,1,64,243,1,103,200,1,66,128,1,100,84,1,97,115,1,101,81,1,103,92,1,102,100,1,103,108,1,98,104,1,100,104,1,103,135,1,99,115,1,100,115,1,100,120,1,101,145,1,101,142,1,97,135,1,105,161,1,97,153,1,101,151,1,100,181,1,99,181,1,97,186,1,99,190,1,92,209,1,89,214,1,81,173,1,102,169,1,105,144,1,109,132,1,70,143,1,108,122,1,112,97,1,108,105,1,113,137,1,114,151,1,114,135,1,114,122,1,110,115,1,111,61,1,112,78,1,112,54,1,116,50,1,113,41,1,113,41,1,113,15,1,114,17,1,114,26,1,119,18,1,113,248,0,112,34,1,115,19,1,120,42,1,116,49,1,116,34,1,116,47,1,121,38,1,116,34,1,121,0,1,94,45,1,122,30,1,118,27,1,117,45,1,76,34,1,117,31,1,117,38,1,122,49,1,120,50,1,115,20,1,113,51,1,107,52,1,105,51,1,93,74,1,97,71,1,94,47,1,111,16,1,115,2,1,122,251,0,119,239,0,87,245,0,122,241,0,127,233,0,123,239,0,127,225,0,123,241,0,124,246,0,129,233,0,122,222,0,109,224,0,126,218,0,127,214,0,127,220,0,131,216,0,128,177,0,95,203,0,128,185,0,132,193,0,127,199,0,131,203,0,130,226,0,135,215,0,92,221,0,131,209,0,118,225,0,103,213,0,135,205,0,131,214,0,135,201,0,131,201,0,141,206,0,132,205,0,128,221,0,128,222,0,132,217,0,117,221,0,126,218,0,129,222,0,131,214,0,120,246,0,120,233,0,116,249,0,111,14,1,105,226,0,128,241,0,131,197,0,125,201,0,142,189,0,133,179,0,134,206,0,134,195,0,135,204,0,139,193,0,140,170,0,135,172,0,140,171,0,140,175,0,136,173,0,141,158,0,137,147,0,138,164,0,135,162,0,119,158,0,136,145,0,108,156,0,139,156,0,142,146,0,137,174,0,109,170,0,145,186,0,142,171,0,141,179,0,140,176,0,145,187,0,138,187,0,142,168,0,146,179,0,142,175,0,146,157,0,146,189,0,143,174,0,141,175,0,140,185,0,140,174,0,117,159,0,137,181,0,134,189,0,132,195,0,129,214,0,129,210,0,123,231,0,113,171,0,133,171,0,137,173,0,143,160,0,141,160,0,152,169,0,142,167,0,153,148,0,144,139,0,144,152,0,149,137,0,149,147,0,145,152,0,145,129,0,146,142,0,143,125,0,151,152,0,157,127,0,148,116,0,153,108,0,149,113,0,145,131,0,136,131,0,151,137,0,150,145,0,150,156,0,150,142,0,149,143,0,112,147,0,112,133,0,149,143,0,154,128,0,150,136,0,133,128,0,151,124,0,150,171,0,150,128,0,150,135,0,150,136,0,153,136,0,144,155,0,147,133,0,145,152,0,141,160,0,143,168,0,108,189,0,140,194,0,129,206,0,111,133,0,147,148,0,139,128,0,147,128,0,149,116,0,154,130,0,155,131,0,155,135,0,133,102,0,143,103,0,156,120,0,153,105,0,163,100,0,158,111,0,154,110,0,154,94,0,158,105,0,159,116,0,156,113,0,156,86,0,156,96,0,160,98,0,159,98,0,154,100,0,152,112,0,156,100,0,156,109,0,157,110,0,130,110,0,157,107,0,157,105,0,161,118,0,157,95,0,139,96,0,162,104,0,158,90,0,162,100,0,162,104,0,129,97,0,156,124,0,155,108,0,157,121,0,151,117,0,152,147,0,155,163,0,145,160,0,140,167,0,130,172,0,123,113,0,153,109,0,155,107,0,163,94,0,154,97,0,151,103,0,155,77,0,155,88,0,152,83,0,148,75,0,161,90,0,157,88,0,158,71,0,154,63,0,162,80,0,162,75,0,129,83,0,163,88,0,163,63,0,159,67,0,159,77,0,158,67,0,157,83,0,161,88,0,155,102,0,165,71,0,161,87,0,165,86,0,161,83,0,155,76,0,166,75,0,150,67,0,171,91,0,166,83,0,166,79,0,166,64,0,162,79,0,161,75,0,161,80,0,160,93,0,163,93,0,157,97,0,154,100,0,152,128,0,148,121,0,144,148,0,139,152,0,133,157,0,127,86,0,142,113,0,158,73,0,160,88,0,156,73,0,131,79,0,161,69,0,156,73,0,134,63,0,158,77,0,162,61,0,168,52,0,143,66,0,140,58,0,139,64,0,164,62,0,159,46,0,164,83,0,160,54,0,159,50,0,163,56,0,168,85,0,153,77,0,130,60,0,155,70,0,171,70,0,165,82,0,171,66,0,162,54,0,158,59,0,153,66,0,163,62,0,167,74,0,172,50,0,166,58,0,162,47,0,162,62,0,172,43,0,131,67,0,161,73,0,163,62,0,156,86,0,126,104,0,125,108,0,153,109,0,137,145,0,138,149,0,133,138,0,127,71,0,155,86,0,157,88,0,159,71,0,159,75,0,142,77,0,156,63,0,129,86,0,152,84,0,157,71,0,118,79,0,157,69,0,161,66,0,167,62,0,167,64,0,161,69,0,157,66,0,157,79,0,153,77,0,160,69,0,160,75,0,165,79,0,151,94,0,126,85,0,155,85,0,160,70,0,170,71,0,151,74,0,160,58,0,165,55,0,165,100,0,140,62,0,161,55,0,166,66,0,162,51,0,167,78,0,162,67,0,167,67,0,165,68,0,160,70,0,162,70,0,155,94,0,158,106,0,154,110,0,151,107,0,142,120,0,136,120,0,131,137,0,110,162,98,4,0,36,136,4,0,1,0,247,224,
TMF8829_FRAME_HEADER,0,91,38,7,0,21,1,24,9,29,0,0,0,76,83,77,84,231,5,223,5,PAYLOAD,157,2,53,169,3,30,76,4,58,63,4,77,57,4,92,58,4,99,69,4,103,52,4,96,81,4,91,62,4,84,63,4,100,68,4,70,73,4,93,75,4,96,76,4,86,100,4,82,95,4,42,107,4,81,125,4,74,134,4,54,178,4,80,154,4,93,179,4,53,22,4,13,0,0,0,0,0,0,111,1,50,92,1,50,160,1,50,0,0,0,142,1,46,95,1,48,181,1,47,107,1,45,129,1,48,177,1,41,0,0,0,219,5,47,224,5,61,243,5,67,246,5,66,239,5,68,243,5,60,226,5,7,154,5,46,139,5,37,57,13,21,70,13,33,174,2,60,222,2,55,51,4,64,55,4,80,53,4,93,20,4,95,16,4,99,25,4,94,30,4,93,19,4,104,25,4,102,34,4,71,38,4,97,59,4,101,64,4,94,58,4,92,48,4,89,49,4,84,73,4,84,87,4,76,103,4,74,135,4,95,117,4,93,3,3,56,250,1,65,253,1,74,33,2,71,48,2,39,35,2,72,13,2,72,52,2,66,51,2,68,44,2,63,44,2,69,12,2,62,165,5,70,184,5,75,180,5,86,173,5,87,173,5,88,183,5,88,169,5,86,177,5,83,191,5,82,228,5,74,218,5,57,132,5,40,24,5,15,130,2,66,124,3,61,77,4,60,78,4,40,34,4,98,233,3,104,230,3,102,19,4,100,225,3,100,0,4,109,242,3,109,247,3,104,8,4,101,6,4,105,11,4,77,10,4,96,3,4,94,16,4,95,31,4,91,10,4,80,103,4,85,135,4,100,87,4,94,90,2,82,87,2,102,79,2,108,76,2,84,76,2,107,86,2,103,91,2,103,72,2,100,75,2,99,68,2,97,64,2,94,105,2,87,205,4,57,3,5,60,61,5,63,88,5,98,105,5,94,96,5,98,116,5,88,128,5,88,155,5,53,163,5,79,171,5,71,66,5,55,236,2,50,147,2,69,212,4,68,131,5,86,24,5,88,50,4,59,248,3,98,200,3,103,221,3,106,218,3,109,229,3,108,215,3,108,213,3,103,240,3,90,223,3,104,213,3,101,229,3,89,231,3,98,224,3,89,240,3,88,6,4,90,84,4,89,110,4,98,30,4,101,114,2,104,61,2,144,43,2,143,61,2,129,70,2,150,45,2,144,89,2,148,76,2,134,71,2,135,76,2,120,83,2,136,82,2,132,79,2,123,98,2,118,97,2,115,114,2,108,114,2,73,148,2,108,168,2,97,181,2,92,188,2,57,228,2,56,38,3,79,41,3,75,72,3,76,149,2,29,197,2,72,125,5,86,80,5,94,60,4,96,7,4,108,228,3,103,180,3,91,169,3,112,178,3,108,192,3,108,177,3,86,174,3,103,180,3,107,173,3,111,187,3,84,193,3,103,216,3,105,244,3,101,10,4,102,72,4,66,97,4,111,83,4,94,135,3,57,42,2,66,184,2,64,74,2,75,142,2,76,117,2,61,125,2,66,219,2,63,11,3,64,201,4,56,190,4,85,154,4,82,124,4,59,124,4,84,85,4,76,47,4,78,43,4,93,7,4,92,23,4,99,233,3,97,205,3,95,229,3,99,185,3,98,179,3,102,185,3,95,107,2,75,94,2,78,68,2,95,30,2,119,51,2,123,146,2,61,178,3,85,165,3,75,166,3,110,159,3,116,157,3,112,170,3,117,168,3,112,181,3,112,191,3,98,192,3,111,159,3,114,191,3,104,217,3,100,33,4,96,76,4,101,83,4,76,72,4,100,159,4,58,58,5,54,138,4,22,97,4,30,69,4,74,15,4,69,12,4,72,25,4,80,245,3,74,99,4,90,124,4,67,85,4,93,70,4,92,20,4,94,251,3,86,229,3,96,218,3,83,186,3,98,175,3,99,163,3,98,104,3,96,105,3,100,95,3,94,106,3,93,91,3,92,244,1,104,20,2,92,87,2,79,48,2,69,34,2,100,124,2,78,221,3,88,1,4,94,61,4,73,116,4,85,99,4,96,119,4,95,93,4,98,99,4,101,88,4,95,83,4,97,76,4,92,77,4,96,108,4,95,63,4,46,38,4,90,50,4,100,44,4,93,247,3,68,217,3,79,197,3,73,125,3,72,146,3,87,114,3,88,95,3,67,59,3,77,19,3,88,20,3,99,5,3,97,244,2,103,222,2,102,215,2,88,167,2,104,180,2,106,153,2,107,132,2,88,138,2,109,118,2,92,102,2,73,129,2,109,110,2,102,83,2,99,106,2,94,57,2,104,32,2,90,25,2,106,38,2,76,67,2,111,37,2,99,68,2,66,136,2,93,214,2,92,70,3,106,91,3,96,47,3,64,85,3,97,64,3,96,81,3,62,44,3,96,29,3,100,4,3,94,12,3,96,197,2,95,225,2,95,105,3,54,197,2,97,249,1,84,200,1,85,211,1,90,189,1,86,192,1,87,203,1,87,181,1,88,193,1,88,192,1,84,208,1,89,223,1,94,242,1,94,254,1,91,36,2,91,12,2,96,21,2,89,41,2,94,71,2,98,56,2,97,48,2,96,67,2,91,2,2,89,53,2,86,10,2,68,27,2,81,223,1,100,232,1,102,210,1,106,186,1,102,188,1,101,182,1,101,201,1,110,242,1,64,33,2,106,15,2,108,47,2,104,25,2,104,13,2,109,236,1,105,206,1,105,186,1,102,169,1,105,108,1,105,119,1,105,66,1,106,82,1,110,95,1,103,54,1,81,52,1,109,68,1,106,44,1,107,61,1,108,49,1,113,64,1,108,76,1,108,57,1,113,68,1,88,53,1,108,61,1,113,60,1,113,61,1,109,64,1,109,71,1,113,92,1,109,76,1,109,91,1,109,80,1,108,70,1,111,100,1,114,78,1,95,113,1,98,146,1,99,128,1,89,109,1,102,99,1,112,53,1,115,41,1,113,36,1,101,33,1,120,24,1,120,22,1,116,27,1,116,24,1,113,18,1,122,3,1,127,252,0,118,14,1,119,255,0,119,248,0,84,227,0,103,243,0,121,232,0,121,230,0,105,219,0,132,232,0,121,230,0,90,227,0,109,252,0,